Lista inicial de valores: [655, 115, 26, 760, 282, 251, 229, 143, 755, 105, 693, 759, 914, 559, 90, 605, 433, 33, 31, 96, 224, 239, 518, 617, 28, 575, 204, 734, 666, 719, 559, 430, 226, 460, 604, 285, 829, 891, 7, 778, 826, 164, 715, 433, 349, 285, 160, 221, 981, 782, 345, 105, 95, 390, 100, 368, 868, 353, 619, 271, 827, 45, 748, 471, 550, 128, 997, 945, 388, 81, 566, 301, 850, 644, 634, 907, 883, 371, 592, 197, 722, 72, 47, 678, 234, 792, 297, 82, 876, 239, 888, 104, 390, 285, 465, 651, 855, 374, 167, 380]
Altura da arvore: 14
A arvore NAO esta balanceada (ha diferencas maiores que 1).
Percurso pre-ordem: [655, 115, 26, 7, 105, 90, 33, 31, 28, 45, 81, 72, 47, 82, 96, 95, 100, 104, 105, 282, 251, 229, 143, 128, 224, 204, 164, 160, 197, 167, 221, 226, 239, 234, 239, 271, 559, 433, 430, 285, 349, 285, 345, 301, 297, 285, 390, 368, 353, 388, 371, 374, 380, 390, 518, 460, 433, 471, 465, 550, 605, 575, 559, 566, 604, 592, 617, 619, 644, 634, 651, 760, 755, 693, 666, 678, 734, 719, 715, 722, 748, 759, 914, 829, 778, 826, 782, 792, 827, 891, 868, 850, 855, 883, 876, 888, 907, 981, 945, 997]
Percurso pos-ordem: [7, 28, 31, 47, 72, 82, 81, 45, 33, 95, 104, 100, 96, 90, 105, 105, 26, 128, 160, 167, 197, 164, 221, 204, 226, 224, 143, 234, 239, 239, 229, 271, 251, 285, 297, 301, 345, 285, 353, 380, 374, 371, 388, 368, 390, 390, 349, 285, 430, 433, 465, 471, 460, 550, 518, 433, 566, 559, 592, 604, 575, 634, 651, 644, 619, 617, 605, 559, 282, 115, 678, 666, 715, 722, 719, 748, 734, 693, 759, 755, 792, 782, 827, 826, 778, 855, 850, 876, 888, 883, 868, 907, 891, 829, 945, 997, 981, 914, 760, 655]
Percurso em ordem: [7, 26, 28, 31, 33, 45, 47, 72, 81, 82, 90, 95, 96, 100, 104, 105, 105, 115, 128, 143, 160, 164, 167, 197, 204, 221, 224, 226, 229, 234, 239, 239, 251, 271, 282, 285, 285, 285, 297, 301, 345, 349, 353, 368, 371, 374, 380, 388, 390, 390, 430, 433, 433, 460, 465, 471, 518, 550, 559, 559, 566, 575, 592, 604, 605, 617, 619, 634, 644, 651, 655, 666, 678, 693, 715, 719, 722, 734, 748, 755, 759, 760, 778, 782, 792, 826, 827, 829, 850, 855, 868, 876, 883, 888, 891, 907, 914, 945, 981, 997]
Percurso em nivel: [655, 115, 760, 26, 282, 755, 914, 7, 105, 251, 559, 693, 759, 829, 981, 90, 105, 229, 271, 433, 605, 666, 734, 778, 891, 945, 997, 33, 96, 143, 239, 430, 518, 575, 617, 678, 719, 748, 826, 868, 907, 31, 45, 95, 100, 128, 224, 234, 239, 285, 460, 550, 559, 604, 619, 715, 722, 782, 827, 850, 883, 28, 81, 104, 204, 226, 349, 433, 471, 566, 592, 644, 792, 855, 876, 888, 72, 82, 164, 221, 285, 390, 465, 634, 651, 47, 160, 197, 345, 368, 390, 167, 301, 353, 388, 297, 371, 285, 374, 380]
Valor da raiz removida: 655
Nivel apos deletar a raiz: [666, 115, 760, 26, 282, 755, 914, 7, 105, 251, 559, 693, 759, 829, 981, 90, 105, 229, 271, 433, 605, 678, 734, 778, 891, 945, 997, 33, 96, 143, 239, 430, 518, 575, 617, 719, 748, 826, 868, 907, 31, 45, 95, 100, 128, 224, 234, 239, 285, 460, 550, 559, 604, 619, 715, 722, 782, 827, 850, 883, 28, 81, 104, 204, 226, 349, 433, 471, 566, 592, 644, 792, 855, 876, 888, 72, 82, 164, 221, 285, 390, 465, 634, 651, 47, 160, 197, 345, 368, 390, 167, 301, 353, 388, 297, 371, 285, 374, 380]
Valor removido da subarvore esquerda: 115
Nivel apos deletar a raiz da esquerda: [666, 128, 760, 26, 282, 755, 914, 7, 105, 251, 559, 693, 759, 829, 981, 90, 105, 229, 271, 433, 605, 678, 734, 778, 891, 945, 997, 33, 96, 143, 239, 430, 518, 575, 617, 719, 748, 826, 868, 907, 31, 45, 95, 100, 224, 234, 239, 285, 460, 550, 559, 604, 619, 715, 722, 782, 827, 850, 883, 28, 81, 104, 204, 226, 349, 433, 471, 566, 592, 644, 792, 855, 876, 888, 72, 82, 164, 221, 285, 390, 465, 634, 651, 47, 160, 197, 345, 368, 390, 167, 301, 353, 388, 297, 371, 285, 374, 380]
Valor removido da subarvore direita: 760
Nivel apos deletar a raiz da direita: [666, 128, 778, 26, 282, 755, 914, 7, 105, 251, 559, 693, 759, 829, 981, 90, 105, 229, 271, 433, 605, 678, 734, 826, 891, 945, 997, 33, 96, 143, 239, 430, 518, 575, 617, 719, 748, 782, 827, 868, 907, 31, 45, 95, 100, 224, 234, 239, 285, 460, 550, 559, 604, 619, 715, 722, 792, 850, 883, 28, 81, 104, 204, 226, 349, 433, 471, 566, 592, 644, 855, 876, 888, 72, 82, 164, 221, 285, 390, 465, 634, 651, 47, 160, 197, 345, 368, 390, 167, 301, 353, 388, 297, 371, 285, 374, 380]
